0.000000 237.145759
0.000400 -0.671725
0.000800 -0.302075
0.001200 -0.117263
0.001600 -0.084842
0.002000 -0.099455
0.002400 -0.082534
0.002800 -0.080409
0.003200 0.083196
0.003600 -0.026663
0.004000 -0.017564
0.040000 -0.002302
0.080000 -0.032158
0.120000 0.025815
0.160000 -0.006047
0.200000 -0.083343
0.240000 0.030286
0.280000 0.045711
0.320000 -0.031788
0.360000 -0.090945
0.400000 -0.039104
0.800000 -0.066020
1.200000 -0.014915
1.600000 -0.012066
2.000000 0.042378
2.400000 -0.005469
2.800000 -0.064664
3.200000 0.065360
3.600000 0.009717
4.000000 0.061847
